TIME(2019/12/18 15:07:14.489),TIMETICK(f=2143482),FPOGX,FPOGY,FPOGD,FPOGV,Question,Regions
297.58835,5178286783625,0.14708,0.21347,0.1152,1,31,-1
297.60477000000003,5178286818842,0.14684,0.20634,0.13162000000000001,1,31,-1
297.62109,5178286853831,0.14609,0.20144,0.14795,1,31,-1
297.63751,5178286888996,0.14586,0.2003,0.16437000000000002,1,31,-1
297.65396,5178286924292,0.14637,0.20142000000000002,0.18082,1,31,-1
297.67111,5178286961009,0.139,0.20864000000000002,0.19797,1,31,-1
297.68686,5178286994821,0.1329,0.20917,0.21370999999999998,1,31,-1
297.70328,5178287029958,0.12786,0.2103,0.23013000000000003,1,31,-1
297.71951,5178287064762,0.12467,0.21736999999999998,0.24636999999999998,1,31,-1
297.73587000000003,5178287099828,0.12086,0.22205999999999998,0.26273,1,31,-1
297.75237999999996,5178287135258,0.1179,0.22729000000000002,0.27924,1,31,-1
297.76886,5178287170575,0.11462,0.23173000000000002,0.29572,1,31,-1
297.7851,5178287205387,0.0904,0.25043000000000004,0.29572,0,31,-1
297.80194,5178287241483,0.08702,0.28021999999999997,0.29572,0,31,-1
297.81821,5178287276328,0.07716,0.25001,0.29572,0,31,-1
297.83477999999997,5178287311833,0.07694,0.26996,0.04968,1,31,-1
297.85101000000003,5178287346623,0.07711,0.28265,0.06592,1,31,-1
297.86737,5178287381691,0.07875,0.2822,0.08227999999999999,1,31,-1
297.88632,5178287422333,0.08052999999999999,0.28165999999999997,0.10123,1,31,-1
297.90047999999996,5178287452697,0.08242999999999999,0.2826,0.11539,1,31,-1
297.91672,5178287487507,0.08392000000000001,0.28539000000000003,0.13162000000000001,1,31,-1
297.93329,5178287523031,0.08438,0.28955,0.14819000000000002,1,31,-1
297.94977,5178287558363,0.08422,0.29169,0.16467,1,31,-1
297.96585,5178287592813,0.0843,0.29533000000000004,0.18076,1,31,-1
297.9826,5178287628699,0.082,0.29563,0.19751,1,31,-1
298.00049,5178287667030,0.07969,0.29517,0.21539,1,31,-1
298.01544,5178287699085,0.07946,0.29307,0.23035,1,31,-1
298.03165,5178287733834,0.07927999999999999,0.28695,0.24655,1,31,-1
298.04831,5178287769585,0.07886,0.2809,0.26321,1,31,-1
298.06461,5178287804487,0.07859,0.2826,0.27951,1,31,-1
298.08121,5178287840086,0.07682,0.28323000000000004,0.29611,1,31,-1
298.09769,5178287875401,0.07497999999999999,0.28331,0.31259000000000003,1,31,-1
298.11374,5178287909794,0.07415,0.2785,0.32864,1,31,-1
298.13027999999997,5178287945241,0.0743,0.27471999999999996,0.34518000000000004,1,31,-1
298.14691,5178287980898,0.07484,0.27243,0.36182,1,31,-1
298.16321,5178288015842,0.07399,0.27433,0.37811,1,31,-1
298.17966,5178288051118,0.07367,0.27704,0.39455999999999997,1,31,-1
298.19611000000003,5178288086326,0.07367,0.28028000000000003,0.41101000000000004,1,31,-1
298.21289,5178288122315,0.07497000000000001,0.2823,0.4278,1,31,-1
298.22885,5178288156549,0.07592,0.28386,0.44376000000000004,1,31,-1
298.24515,5178288191485,0.07672999999999999,0.28509,0.46005,1,31,-1
298.26169,5178288226952,0.07776,0.28554,0.47658999999999996,1,31,-1
298.27797999999996,5178288261878,0.07697999999999999,0.28701,0.49288999999999994,1,31,-1
298.29458999999997,5178288297443,0.07646,0.28889000000000004,0.50949,1,31,-1
298.31149,5178288333660,0.0767,0.28956,0.5264,1,31,-1
298.32764,5178288368312,0.08281000000000001,0.31344,0.5264,0,31,-1
298.34378,5178288402860,0.09337999999999999,0.29112,0.5264,0,31,-1
298.3602,5178288438071,0.10149,0.2879,0.5264,0,31,-1
298.37686,5178288473811,0.10149,0.2879,0.04922,1,31,-1
298.39331,5178288509042,0.10149,0.2879,0.06567,1,31,-1
298.40952000000004,5178288543761,0.10887000000000001,0.29481,0.08188,1,31,-1
298.42618,5178288579511,0.10622000000000001,0.29744,0.09854,1,31,-1
298.44275,5178288615026,0.10107999999999999,0.29229,0.11510999999999999,1,31,-1
298.45984,5178288651668,0.09372,0.28253,0.1322,1,31,-1
298.47525,5178288684702,0.08297,0.27042,0.14761,1,31,-1
298.49182,5178288720243,0.07462,0.26100999999999996,0.16418,1,31,-1
298.50821,5178288755314,0.07296,0.24989,0.18057,1,31,-1
298.52468999999996,5178288790685,0.07332999999999999,0.24591,0.19705,1,31,-1
298.5412,5178288826048,0.07314,0.24153000000000002,0.21356,1,31,-1
298.5574,5178288860767,0.0725,0.24235,0.22976999999999997,1,31,-1
298.57425,5178288896880,0.07111,0.23989000000000002,0.24661,1,31,-1
298.59047999999996,5178288931718,0.07065,0.23924,0.26285,1,31,-1
298.60672,5178288966509,0.07199,0.24075,0.27908,1,31,-1
298.62335,5178289002115,0.05992000000000001,0.21548,0.27908,0,31,-1
298.63977,5178289037363,0.08179,0.22409,0.27908,0,31,-1
298.65619,5178289072537,0.10574000000000001,0.23535,0.27908,0,31,-1
298.67261,5178289107710,0.11803,0.24536,0.049260000000000005,1,31,-1
298.69009,5178289145198,0.12474,0.2495,0.06674,1,31,-1
298.70538,5178289177951,0.12568,0.25672,0.08202999999999999,1,31,-1
298.72159,5178289212693,0.12628,0.26104,0.09824,1,31,-1
298.73837000000003,5178289248690,0.12673,0.26428,0.11502000000000001,1,31,-1
298.75467000000003,5178289283614,0.12675,0.2676,0.13132,1,31,-1
298.77083999999996,5178289318263,0.12638,0.26873,0.14749,1,31,-1
298.78738,5178289353727,0.12607000000000002,0.26966,0.16403,1,31,-1
298.80388999999997,5178289389111,0.12564,0.26654,0.18054,1,31,-1
298.8205,5178289424696,0.12527,0.26723,0.19714,1,31,-1
298.83664,5178289459337,0.12508,0.26818000000000003,0.21329,1,31,-1
298.85321,5178289494841,0.12573,0.27284,0.22985999999999998,1,31,-1
298.86951,5178289529753,0.12692,0.27585,0.24615,1,31,-1
298.8877,5178289568791,0.12819,0.2791,0.26434,1,31,-1
298.90244,5178289600378,0.12819,0.2791,0.27908,1,31,-1
298.9187,5178289635231,0.12819,0.2791,0.29535,1,31,-1
298.93652000000003,5178289673436,0.12819,0.2791,0.31317,1,31,-1
298.9523,5178289707255,0.12963,0.29143,0.31317,0,31,-1
298.96896,5178289742967,0.12963,0.29143,0.31317,0,31,-1
298.98537999999996,5178289778166,0.12963,0.29143,0.31317,0,31,-1
299.00208,5178289813901,0.0,0.0,0.31317,0,31,-1
299.01833999999997,5178289848811,0.0,0.0,0.31317,0,31,-1
299.03537,5178289885290,0.0,0.0,0.31317,0,31,-1
299.05191,5178289920783,0.0,0.0,0.31317,0,31,-1
299.06772,5178289954612,0.0,0.0,0.31317,0,31,-1
299.08468999999997,5178289991001,0.0,0.0,0.31317,0,31,-1
299.10086,5178290025672,0.0,0.0,0.31317,0,31,-1
299.11722000000003,5178290060719,0.0,0.0,0.31317,0,31,-1
299.13412,5178290096992,0.0,0.0,0.31317,0,31,-1
299.15036000000003,5178290131762,0.21805,0.34114,0.31317,0,31,-1
299.16705,5178290167562,0.17995,0.33378,0.31317,0,31,-1
299.18213,5178290199895,0.16669,0.32971,0.31317,0,31,-1
299.19809,5178290234103,0.1637,0.33125,0.04773,1,31,-1
299.21564,5178290271689,0.15363,0.32433,0.06527999999999999,1,31,-1
299.23082999999997,5178290304301,0.14608,0.31792,0.08047,1,31,-1
299.24716,5178290339279,0.12961,0.31874,0.0968,1,31,-1
299.26398,5178290375320,0.12090999999999999,0.31372,0.11362,1,31,-1
299.28049,5178290410722,0.11437,0.31034,0.13013,1,31,-1
299.29708999999997,5178290446261,0.10982,0.3112,0.14673,1,31,-1
299.31424,5178290483062,0.10678,0.30788000000000004,0.16388,1,31,-1
299.32974,5178290516300,0.10509,0.30712,0.17937999999999998,1,31,-1
299.34567000000004,5178290550449,0.10495,0.31303000000000003,0.19530999999999998,1,31,-1
299.36264,5178290586773,0.10269,0.32166,0.21228000000000002,1,31,-1
299.37885,5178290621503,0.1012,0.33021999999999996,0.22849,1,31,-1
299.39508,5178290656301,0.10284000000000001,0.33516,0.24472,1,31,-1
299.41187,5178290692328,0.10438,0.34076,0.26150999999999996,1,31,-1
299.42822,5178290727375,0.10575,0.34573000000000004,0.27786,1,31,-1
299.4444,5178290762039,0.10459,0.34696,0.29404,1,31,-1
299.46112,5178290797913,0.09125,0.37589,0.29404,0,31,-1
299.47742,5178290832799,0.08316,0.40207,0.29404,0,31,-1
299.49377000000004,5178290867906,0.0934,0.40345,0.29404,0,31,-1
299.51038,5178290903493,0.09953,0.41421,0.049260000000000005,1,31,-1
299.52692,5178290938915,0.10321,0.42066000000000003,0.0658,1,31,-1
299.54315,5178290973694,0.1094,0.42018999999999995,0.08202999999999999,1,31,-1
299.55948,5178291008715,0.11187000000000001,0.4182,0.09836,1,31,-1
299.57617,5178291044525,0.11372,0.41672,0.11505,1,31,-1
299.59296,5178291080496,0.1168,0.41951000000000005,0.13184,1,31,-1
299.60904,5178291114938,0.12445,0.41348999999999997,0.14792,1,31,-1
299.6254,5178291150016,0.1298,0.40576999999999996,0.16427999999999998,1,31,-1
299.64182,5178291185190,0.14069,0.39608000000000004,0.18069000000000002,1,31,-1
299.65836,5178291220626,0.14915,0.38384,0.19724,1,31,-1
299.67477,5178291255860,0.15564,0.37037,0.21365,1,31,-1
299.69088999999997,5178291290380,0.16063,0.3593,0.22976999999999997,1,31,-1
299.70763999999997,5178291326297,0.18894,0.32681,0.22976999999999997,0,31,-1
299.72406,5178291361464,0.22246,0.25797,0.22976999999999997,0,31,1
299.74026000000003,5178291396255,0.23746,0.22753,0.22976999999999997,0,31,0
299.7569,5178291431886,0.25911,0.18846,0.22976999999999997,0,31,0
299.7749,5178291470459,0.25651,0.19902,0.22976999999999997,0,31,0
299.78952000000004,5178291501792,0.25375,0.17798,0.22976999999999997,0,31,-1
299.80621,5178291537570,0.25092,0.17021,0.049319999999999996,1,31,-1
299.82251,5178291572524,0.24921999999999997,0.16555,0.06561,1,31,-1
299.83881,5178291607461,0.24602,0.16629000000000002,0.08191,1,31,-1
299.85544,5178291643123,0.24495,0.17003,0.09854,1,31,-1
299.87195,5178291678462,0.24416,0.17284000000000002,0.11505,1,31,-1
299.88818,5178291713307,0.24301,0.17877,0.13129000000000002,1,31,-1
299.90442,5178291748075,0.2407,0.18023,0.14752,1,31,-1
299.92107999999996,5178291783823,0.23881,0.18143,0.16418,1,31,-1
299.9375,5178291818992,0.23806,0.18300999999999998,0.1806,1,31,-1
299.95403999999996,5178291854428,0.23544,0.18773,0.19714,1,31,0
299.97028,5178291889227,0.2332,0.19177,0.21338000000000001,1,31,0
299.98676,5178291924547,0.23259000000000002,0.19816,0.22985999999999998,1,31,0
300.0033,5178291960048,0.2323,0.19812000000000002,0.2464,1,31,0
300.01968,5178291995154,0.23205,0.19809000000000002,0.26279,1,31,0
300.0361,5178292030321,0.23144,0.19895,0.27921,1,31,0
300.05228,5178292065007,0.23114,0.19663,0.29538000000000003,1,31,0
300.06879,5178292100381,0.23085999999999998,0.19453,0.31189,1,31,0
300.08511,5178292135411,0.2312,0.19329000000000002,0.32821999999999996,1,31,0
300.10184,5178292171281,0.23426999999999998,0.19384,0.34494,1,31,0
300.11852999999996,5178292207016,0.23696,0.19378,0.36163,1,31,0
300.13461,5178292241508,0.24186,0.19103,0.37772,1,31,0
300.15094,5178292276499,0.24622,0.18691,0.39404,1,31,0
300.16727000000003,5178292311522,0.25023,0.18311,0.41036999999999996,1,31,-1
300.18381,5178292346925,0.27762,0.16068,0.41036999999999996,0,31,-1
300.20029,5178292382266,0.2961,0.16834000000000002,0.41036999999999996,0,31,-1
300.21762,5178292419415,0.30343000000000003,0.17697000000000002,0.41036999999999996,0,31,-1
300.23318,5178292452807,0.31483,0.17169,0.04938,1,31,-1
300.24948,5178292487733,0.32225,0.18279,0.06567,1,31,-1
300.26662999999996,5178292524459,0.32728,0.19102,0.08282,1,31,0
300.28235,5178292558148,0.32868,0.18867,0.09854,1,31,0
300.29901,5178292593900,0.33231,0.1897,0.1152,1,31,0
300.31549,5178292629241,0.33499,0.1898,0.13168,1,31,0
300.33142000000004,5178292663350,0.31724,0.19751,0.14761,1,31,0
300.34851000000003,5178292699966,0.29662,0.1962,0.1647,1,31,0
300.36481000000003,5178292734955,0.27964,0.19555999999999998,0.181,1,31,0
300.38083,5178292769252,0.268,0.20256,0.19702,1,31,0
300.39752000000004,5178292805021,0.25751,0.2082,0.21370999999999998,1,31,0
300.41402999999997,5178292840463,0.24875,0.21393,0.23021999999999998,1,31,0
300.43011,5178292874883,0.21598,0.23458,0.23021999999999998,0,31,0
300.4469,5178292910900,0.17532,0.25681,0.23021999999999998,0,31,-1
300.46494,5178292949558,0.16043,0.26068,0.23021999999999998,0,31,-1
300.48026,5178292982405,0.12435,0.27557,0.23021999999999998,0,31,-1
300.496,5178293016107,0.11022,0.27,0.23021999999999998,0,31,-1
300.5126,5178293051750,0.10733,0.27271999999999996,0.23021999999999998,0,31,-1
300.52884,5178293086507,0.10951,0.27334,0.04858,1,31,-1
300.54514,5178293121456,0.10069,0.28638,0.06488,1,31,-1
300.56189,5178293157387,0.09641,0.29848,0.08163,1,31,-1
300.57822000000004,5178293192331,0.09576,0.30662,0.09796,1,31,-1
300.59467,5178293227651,0.09117,0.31227,0.11441,1,31,-1
300.61121,5178293263088,0.08712,0.31568,0.13095,1,31,-1
300.62753,5178293298090,0.08668,0.31851999999999997,0.14728,1,31,-1
300.64474,5178293334994,0.08668,0.3213,0.16449,1,31,-1
300.66049,5178293368712,0.08667000000000001,0.32361999999999996,0.18024,1,31,-1
300.67667,5178293403387,0.08674,0.3257,0.19641,1,31,-1
300.69305,5178293438504,0.08553999999999999,0.32561999999999997,0.2128,1,31,-1
300.70975,5178293474324,0.0845,0.32555,0.22949,1,31,-1
300.72607,5178293509307,0.08315,0.32859,0.24581999999999998,1,31,-1
300.74261,5178293544750,0.08196,0.3322,0.26236,1,31,-1
300.75919,5178293580254,0.0808,0.33518000000000003,0.27893,1,31,-1
300.77536000000003,5178293614918,0.07944,0.33425,0.2951,1,31,-1
300.79166000000004,5178293649891,0.07844,0.33435,0.3114,1,31,-1
300.80838,5178293685695,0.07741,0.33416999999999997,0.32813000000000003,1,31,-1
300.82462000000004,5178293720522,0.07777,0.33552,0.34436,1,31,-1
300.84119,5178293756025,0.07854,0.33651,0.36093000000000003,1,31,-1
300.85764,5178293791281,0.07923999999999999,0.3374,0.37738,1,31,-1
300.87411000000003,5178293826589,0.07897,0.33714,0.39386,1,31,-1
300.89056,5178293861856,0.07952000000000001,0.33749,0.41031000000000006,1,31,-1
300.90695,5178293897018,0.08018,0.33814,0.4267,1,31,-1
300.92328,5178293931989,0.07994,0.33893,0.44301999999999997,1,31,-1
300.93973,5178293967228,0.08075,0.33978,0.45947,1,31,-1
300.95615,5178294002454,0.08145,0.34041,0.47589,1,31,-1
300.97263,5178294037752,0.08217999999999999,0.33888,0.49237,1,31,-1
300.98895,5178294072747,0.08245,0.33914,0.5087,1,31,-1
301.00513,5178294107426,0.08233,0.33855,0.52487,1,31,-1
301.02151000000003,5178294142546,0.08234,0.33605999999999997,0.5412600000000001,1,31,-1
301.03836,5178294178702,0.08238,0.33363000000000004,0.55811,1,31,-1
301.05463,5178294213569,0.0826,0.33174000000000003,0.5743699999999999,1,31,-1
301.07088999999996,5178294248421,0.08238,0.33054,0.5906399999999999,1,31,-1
301.08777000000003,5178294284590,0.08284,0.32977,0.60751,1,31,-1
301.10379,5178294318939,0.08334,0.32916999999999996,0.62354,1,31,-1
301.12051,5178294354766,0.08313,0.33003000000000005,0.64026,1,31,-1
301.1369,5178294389911,0.08256000000000001,0.33018000000000003,0.65665,1,31,-1
301.15308,5178294424593,0.0832,0.30472,0.65665,0,31,-1
301.16949,5178294459762,0.07591,0.28355,0.65665,0,31,-1
301.18652000000003,5178294496266,0.0663,0.2957,0.65665,0,31,-1
301.20232999999996,5178294530135,0.06393,0.30680999999999997,0.049260000000000005,1,31,-1
301.22006,5178294568156,0.07171,0.31816,0.06699,1,31,-1
301.23553,5178294601319,0.07418,0.31204,0.08246,1,31,-1
301.25192000000004,5178294636412,0.07594,0.30768,0.09885,1,31,-1
301.26831,5178294671574,0.07342,0.31432,0.11523,1,31,-1
301.28452000000004,5178294706302,0.07466,0.31464000000000003,0.13144,1,31,-1
301.302,5178294743759,0.07565,0.3149,0.14893,1,31,-1
301.31723,5178294776417,0.07484,0.31814000000000003,0.16415,1,31,-1
301.33405,5178294812447,0.07736,0.31909,0.18097,1,31,-1
301.35067999999995,5178294848147,0.0799,0.32093,0.1976,1,31,-1
301.36813,5178294885557,0.08288,0.32316,0.21506,1,31,-1
301.38312,5178294917648,0.08463,0.32832,0.23004000000000002,1,31,-1
301.39999,5178294953797,0.08617000000000001,0.33281,0.24691999999999997,1,31,-1
301.41577,5178294987677,0.09709,0.33161999999999997,0.2627,1,31,-1
301.43265,5178295023790,0.11114,0.32905999999999996,0.27957,1,31,-1
301.44903999999997,5178295058974,0.15113,0.33535,0.27957,0,31,-1
301.4653,5178295093846,0.24939,0.28757,0.27957,0,31,3
301.48175,5178295129092,0.28446,0.27928000000000003,0.27957,0,31,2
301.49826,5178295164448,0.35165,0.25131,0.27957,0,31,1
301.51459,5178295199429,0.35433000000000003,0.25582,0.27957,0,31,1
301.53213999999997,5178295237045,0.35009,0.25076,0.27957,0,31,1
301.54776,5178295270586,0.34748,0.24544000000000002,0.0495,1,31,1
301.56396,5178295305272,0.33521,0.22279000000000002,0.0657,1,31,0
301.58047,5178295340666,0.33127,0.2186,0.08221,1,31,0
301.59851000000003,5178295379339,0.32797,0.21275,0.10025,1,31,0
301.61447000000004,5178295413534,0.3282,0.19971,0.11621,1,31,0
301.63095,5178295448878,0.32704,0.19538,0.13269,1,31,0
301.64615,5178295481469,0.32564,0.18937,0.14789000000000002,1,31,0
301.66254,5178295516568,0.32224,0.1814,0.16427999999999998,1,31,-1
301.67905,5178295551993,0.32223,0.17473,0.18079,1,31,-1
301.69543,5178295587128,0.32244,0.1706,0.19717,1,31,-1
301.71173,5178295622030,0.32586,0.17087,0.21347,1,31,-1
301.72995,5178295661099,0.33046,0.17177,0.23169,1,31,-1
301.74466,5178295692604,0.33478,0.17526,0.2464,1,31,-1
301.76114,5178295727906,0.33833,0.17775,0.26288,1,31,-1
301.77945,5178295767168,0.3415,0.18127000000000001,0.28119,1,31,-1
301.79599,5178295802667,0.34448,0.18564,0.29773,1,31,0
301.81235,5178295837709,0.34654,0.19005,0.31409000000000004,1,31,0
301.82669,5178295868413,0.34805,0.19385,0.32843,1,31,0
301.84337999999997,5178295904199,0.34942,0.1973,0.34512,1,31,0
301.85941,5178295938601,0.37682,0.21800999999999998,0.34512,0,31,0
301.87622000000005,5178295974643,0.37521,0.23646,0.34512,0,31,-1
301.89267,5178296009852,0.37468,0.24261,0.34512,0,31,1
301.90887000000004,5178296044620,0.37348000000000003,0.24869000000000002,0.04947,1,31,1
301.92511,5178296079427,0.37777,0.2445,0.0657,1,31,1
301.94167999999996,5178296114953,0.38063,0.2417,0.08227999999999999,1,31,1
301.95865,5178296151265,0.35659,0.25618,0.09924,1,31,1
301.97446,5178296185155,0.33466999999999997,0.26455,0.11505,1,31,2
301.99127000000004,5178296221214,0.31706999999999996,0.26931,0.13187000000000001,1,31,2
302.00742,5178296255835,0.30064,0.26496,0.14801,1,31,2
302.0238,5178296290933,0.28815,0.2626,0.1644,1,31,2
302.04016,5178296326043,0.27725,0.25925,0.18076,1,31,1
302.05646,5178296360962,0.27019,0.25672,0.19705,1,31,1
302.07529,5178296401323,0.26347,0.25536,0.21588000000000002,1,31,1
302.091,5178296435026,0.22857,0.25754,0.21588000000000002,0,31,1
302.10602,5178296467164,0.19752999999999998,0.24555,0.21588000000000002,0,31,-1
302.12289,5178296503374,0.18791,0.23474,0.21588000000000002,0,31,-1
302.13882,5178296537525,0.18312,0.22941999999999999,0.04782,1,31,-1
302.15515,5178296572467,0.18058,0.23417,0.06415,1,31,-1
302.17514,5178296615352,0.1779,0.23833000000000001,0.08413999999999999,1,31,-1
302.1882,5178296643359,0.17672000000000002,0.24353000000000002,0.0972,1,31,-1
302.20435,5178296677961,0.18161,0.25113,0.11334000000000001,1,31,-1
302.22116,5178296713953,0.19538,0.24720999999999999,0.13016,1,31,-1
302.23764,5178296749291,0.20663,0.24522,0.14664000000000002,1,31,1
302.25381,5178296783994,0.21369000000000002,0.24936,0.16280999999999998,1,31,1
302.27063,5178296820007,0.21896999999999997,0.24738000000000002,0.17962999999999998,1,31,1
302.28699,5178296855081,0.22343000000000002,0.24570999999999998,0.19598,1,31,1
302.30292000000003,5178296889205,0.22976,0.24931999999999999,0.21191,1,31,1
302.31952,5178296924802,0.23521999999999998,0.25103000000000003,0.22851999999999997,1,31,1
302.33615,5178296960450,0.24,0.25251999999999997,0.24515,1,31,1
302.35245,5178296995389,0.26773,0.2637,0.24515,0,31,2
302.36914,5178297031176,0.27660999999999997,0.28922,0.24515,0,31,3
302.38556,5178297066352,0.27957,0.29773,0.24515,0,31,3
302.40146,5178297100451,0.2884,0.29969,0.049010000000000005,1,31,3
302.41806,5178297136026,0.29262,0.30175,0.06561,1,31,3
302.43457,5178297171397,0.29427,0.29725,0.08212,1,31,3
302.45099,5178297206637,0.30361,0.27683,0.09854,1,31,2
302.46762,5178297242240,0.30879,0.25044,0.11517000000000001,1,31,1
302.48398,5178297277304,0.31195,0.22414,0.13153,1,31,0
302.5004,5178297312544,0.31494,0.204,0.14795,1,31,0
302.51672,5178297347530,0.31861,0.18748,0.16427999999999998,1,31,0
302.53302,5178297382465,0.32182,0.17489000000000002,0.18057,1,31,-1
302.54938,5178297417536,0.32358000000000003,0.16274,0.19693,1,31,-1
302.56622000000004,5178297453627,0.32793,0.15743,0.21378000000000003,1,31,-1
302.58261,5178297488765,0.34507,0.11975999999999999,0.21378000000000003,0,31,-1
302.59897,5178297523826,0.35905,0.15058,0.21378000000000003,0,31,-1
302.61514,5178297558455,0.36626,0.26454,0.21378000000000003,0,31,2
302.63321,5178297597173,0.37251,0.38475,0.21378000000000003,0,31,-1
302.64797999999996,5178297628845,0.37251,0.38475,0.21378000000000003,0,31,-1
302.66461,5178297664487,0.37251,0.38475,0.21378000000000003,0,31,-1
302.68204,5178297701878,0.0,0.0,0.21378000000000003,0,31,-1
302.69855,5178297737254,0.0,0.0,0.21378000000000003,0,31,-1
302.71536000000003,5178297773286,0.0,0.0,0.21378000000000003,0,31,-1
302.73145,5178297807757,0.0,0.0,0.21378000000000003,0,31,-1
302.74823,5178297843750,0.0,0.0,0.21378000000000003,0,31,-1
302.76477,5178297879171,0.0,0.0,0.21378000000000003,0,31,-1
302.78094,5178297913886,0.0,0.0,0.21378000000000003,0,31,-1
302.79697000000004,5178297948191,0.0,0.0,0.21378000000000003,0,31,-1
302.81383999999997,5178297984367,0.0,0.0,0.21378000000000003,0,31,-1
302.8309,5178298020936,0.0,0.0,0.21378000000000003,0,31,-1
302.84653,5178298054473,0.06314,0.19816,0.21378000000000003,0,31,-1
302.86352999999997,5178298090882,0.05944,0.29652,0.21378000000000003,0,31,-1
302.8783,5178298122513,0.07679,0.46093,0.21378000000000003,0,31,-1
302.89468,5178298157643,0.08285,0.44013,0.21378000000000003,0,31,-1
302.91101000000003,5178298192669,0.07836,0.46253999999999995,0.21378000000000003,0,31,-1
302.92746,5178298227911,0.07611,0.47375,0.04916,1,31,-1
302.94446,5178298264386,0.07406,0.4646,0.06616,1,31,-1
302.96017,5178298298044,0.07757,0.46706000000000003,0.08188,1,31,-1
302.97696,5178298334031,0.08008,0.46881000000000006,0.09866,1,31,-1
302.99323,5178298368885,0.07887000000000001,0.46921,0.11492999999999999,1,31,-1
303.00973999999997,5178298404279,0.07856,0.46707,0.13144,1,31,-1
303.02634,5178298439854,0.07831,0.46536000000000005,0.14804,1,31,-1
303.04422,5178298478224,0.07537,0.46971,0.16592,1,31,-1
303.05872,5178298509259,0.07325,0.46525,0.18042,1,31,-1
303.07526,5178298544718,0.07145,0.46148,0.19696,1,31,-1
303.09177,5178298580086,0.07092000000000001,0.46368000000000004,0.21347,1,31,-1
303.10828,5178298615495,0.07156,0.466,0.22998000000000002,1,31,-1
303.12491,5178298651162,0.07213,0.46803,0.24661,1,31,-1
303.1409,5178298685453,0.07439,0.46898999999999996,0.2626,1,31,-1
303.15756,5178298721136,0.07616,0.471,0.27926999999999996,1,31,-1
303.17386,5178298756074,0.07803,0.47339,0.29556,1,31,-1
303.19,5178298790663,0.07947,0.47386999999999996,0.31171,1,31,-1
303.20682,5178298826690,0.08063,0.48115,0.32852,1,31,-1
303.22327,5178298861979,0.08205,0.4884,0.34497,1,31,-1
303.23972000000003,5178298897235,0.09183999999999999,0.52083,0.34497,0,31,-1
303.25595,5178298932007,0.11313,0.59258,0.34497,0,31,-1
303.27289,5178298968353,0.11632,0.60921,0.34497,0,31,-1
303.28873,5178299002271,0.10642,0.59102,0.049010000000000005,1,31,-1
303.30523999999997,5178299037670,0.08983,0.5799,0.06552000000000001,1,31,-1
303.32187000000005,5178299073312,0.07621,0.5678300000000001,0.08215,1,31,-1
303.33807,5178299108062,0.06407,0.5652699999999999,0.09836,1,31,-1
303.35468,5178299143627,0.055920000000000004,0.55882,0.11495999999999999,1,31,-1
303.37106,5178299178755,0.050519999999999995,0.55545,0.13135,1,31,-1
303.38895,5178299217103,0.048510000000000005,0.5552,0.14923,1,31,-1
303.40417,5178299249735,0.052129999999999996,0.55948,0.16446,1,31,-1
303.42047,5178299284653,0.05536,0.56334,0.18076,1,31,-1
303.43655,5178299319143,0.06091,0.5716399999999999,0.19684000000000001,1,31,-1
303.45333999999997,5178299355109,0.061520000000000005,0.57416,0.21361999999999998,1,31,-1
303.46954,5178299389861,0.06162,0.57558,0.22983,1,31,-1
303.48587000000003,5178299424868,0.06166,0.57622,0.24615,1,31,-1
303.50314,5178299461914,0.06234,0.57608,0.26343,1,31,-1
303.51904,5178299495982,0.06312999999999999,0.57634,0.27933,1,31,-1
303.53522000000004,5178299530656,0.06289,0.5773699999999999,0.2955,1,31,-1
303.55167,5178299565919,0.06505,0.57792,0.31195,1,31,-1
303.56833,5178299601608,0.06744,0.5792,0.32861,1,31,-1
303.58441,5178299636058,0.08428,0.6056699999999999,0.32861,0,31,-1
303.60141,5178299672518,0.09258,0.65798,0.32861,0,31,-1
303.61758,5178299707196,0.09534,0.6754100000000001,0.32861,0,31,-1
303.63388,5178299742153,0.08839,0.65617,0.04947,1,31,-1
303.65045,5178299777622,0.08811000000000001,0.64289,0.06604,1,31,-1
303.66675,5178299812597,0.08668,0.63151,0.08234,1,31,-1
303.6832,5178299847806,0.08027999999999999,0.62712,0.09879,1,31,-1
303.69948999999997,5178299882768,0.07457000000000001,0.6228100000000001,0.11508,1,31,-1
303.71628,5178299918750,0.06925,0.6179,0.13187000000000001,1,31,-1
303.73239,5178299953286,0.06545,0.61795,0.14798,1,31,-1
303.74896,5178299988788,0.06113,0.62047,0.16455,1,31,-1
303.76535,5178300023923,0.058789999999999995,0.62459,0.18094000000000002,1,31,-1
303.78156,5178300058653,0.06085,0.62125,0.19714,1,31,-1
303.79819,5178300094301,0.06238,0.62142,0.21378000000000003,1,31,-1
303.81494,5178300130224,0.06468,0.62344,0.23053,1,31,-1
303.83099,5178300164635,0.06859,0.62641,0.24658000000000002,1,31,-1
303.8475,5178300199999,0.0691,0.62663,0.26309,1,31,-1
303.86401,5178300235400,0.06956,0.6268199999999999,0.2796,1,31,-1
303.88025,5178300270210,0.07067000000000001,0.62815,0.29584,1,31,-1
303.89661,5178300305251,0.07247999999999999,0.63057,0.31219,1,31,-1
303.91312,5178300340692,0.0738,0.63215,0.3287,1,31,-1
303.93005,5178300376982,0.07384,0.6301100000000001,0.34564,1,31,-1
303.94586,5178300410825,0.07439,0.6279600000000001,0.36145,1,31,-1
303.96259,5178300446690,0.07489,0.6259899999999999,0.37817,1,31,-1
303.97864,5178300481096,0.07622000000000001,0.62726,0.39423,1,31,-1
303.99536,5178300516978,0.07756,0.6281899999999999,0.41095,1,31,-1
304.01166,5178300551909,0.07887000000000001,0.6291800000000001,0.42725,1,31,-1
304.02902,5178300589131,0.08087000000000001,0.6298,0.44461000000000006,1,31,-1
304.04446,5178300622195,0.08091,0.63098,0.46005,1,31,-1
304.0611,5178300657856,0.08046,0.6312800000000001,0.47668,1,31,-1
304.07757999999995,5178300693155,0.07992,0.63175,0.49316000000000004,1,31,-1
304.0939,5178300728157,0.07939,0.63255,0.50949,1,31,-1
304.11026,5178300763210,0.07862000000000001,0.63289,0.52585,1,31,-1
304.12674,5178300798533,0.07764,0.63318,0.54233,1,31,-1
304.14328,5178300834007,0.07701000000000001,0.6349100000000001,0.55887,1,31,-1
304.15952000000004,5178300868806,0.0766,0.63683,0.5751,1,31,-1
304.17621,5178300904604,0.07643,0.63755,0.5918,1,31,-1
304.19235,5178300939204,0.07338,0.6647,0.5918,0,31,-1
304.20908,5178300975042,0.06875,0.68805,0.5918,0,31,-1
304.22537,5178301010001,0.05757,0.66992,0.5918,0,31,-1
304.24164,5178301044845,0.05495,0.66363,0.04929,1,31,-1
304.25797,5178301079848,0.051089999999999997,0.65652,0.06561,1,31,-1
304.27468999999996,5178301115661,0.047810000000000005,0.64893,0.08234,1,31,-1
304.29126,5178301151174,0.05147,0.6473,0.09891,1,31,-1
304.30753,5178301186075,0.05454,0.64654,0.11517000000000001,1,31,-1
304.32391,5178301221225,0.0513,0.63944,0.13155999999999998,1,31,-1
304.34021,5178301256114,0.0468,0.63464,0.14786,1,31,-1
304.3569,5178301291898,0.04348,0.6313300000000001,0.16455,1,31,-1
304.37302,5178301326428,0.04504,0.62867,0.18066,1,31,-1
304.38971000000004,5178301362225,0.0482,0.62985,0.19735999999999998,1,31,-1
304.4061,5178301397369,0.05223,0.63305,0.21375,1,31,-1
304.42239,5178301432282,0.05558,0.63645,0.23004000000000002,1,31,-1
304.43906,5178301467982,0.05635,0.63951,0.2467,1,31,-1
304.45535,5178301502956,0.05662999999999999,0.64157,0.263,1,31,-1
304.47213999999997,5178301538881,0.05806,0.64368,0.27979,1,31,-1
304.48834,5178301573618,0.058289999999999995,0.64402,0.29599000000000003,1,31,-1
304.50476000000003,5178301608869,0.05766,0.64302,0.31240999999999997,1,31,-1
304.5209,5178301643437,0.05695,0.64178,0.32855,1,31,-1
304.53763,5178301679280,0.05732999999999999,0.6400399999999999,0.34528000000000003,1,31,-1
304.55402000000004,5178301714408,0.05757,0.6382800000000001,0.36166,1,31,-1
304.5701,5178301748884,0.0563,0.6352399999999999,0.37775,1,31,-1
304.58835,5178301787984,0.05511,0.63193,0.396,1,31,-1
304.60332999999997,5178301820144,0.05467999999999999,0.62997,0.41098,1,31,-1
304.6196,5178301854960,0.055139999999999995,0.62878,0.42725,1,31,-1
304.63602000000003,5178301890211,0.05645,0.6284,0.44366000000000005,1,31,-1
304.65227999999996,5178301925041,0.05775,0.62817,0.45993,1,31,-1
304.6687,5178301960244,0.059660000000000005,0.60117,0.45993,0,31,-1
304.68523999999996,5178301995704,0.06901,0.57463,0.45993,0,31,-1
304.702,5178302031594,0.0692,0.56055,0.45993,0,31,-1
304.71817000000004,5178302066290,0.058179999999999996,0.56382,0.04947,1,31,-1
304.73477,5178302101850,0.05045,0.57144,0.06607,1,31,-1
304.75095,5178302136541,0.04645,0.5783,0.08224,1,31,-1
304.76715,5178302171265,0.05025,0.58363,0.09845,1,31,-1
304.78369,5178302206736,0.055670000000000004,0.5894699999999999,0.11499000000000001,1,31,-1
304.80062999999996,5178302243013,0.06084,0.5956600000000001,0.13193,1,31,-1
304.81658999999996,5178302277234,0.06261,0.60277,0.14789000000000002,1,31,-1
304.83304,5178302312519,0.06715,0.61351,0.16434,1,31,-1
304.84972999999997,5178302348282,0.07092999999999999,0.62245,0.18103,1,31,-1
304.86597,5178302383057,0.07105,0.6289399999999999,0.19727,1,31,-1
304.88248,5178302418493,0.07013,0.6362,0.21378000000000003,1,31,-1
304.89886,5178302453614,0.06934,0.6425,0.23016,1,31,-1
304.91519,5178302488587,0.07168,0.67033,0.23016,0,31,-1
304.93207,5178302524789,0.04351,0.67805,0.23016,0,31,-1
304.94815,5178302559242,0.03412,0.68062,0.23016,0,31,-1
304.96439,5178302594055,0.04313,0.67213,0.04919,1,31,-1
304.98087000000004,5178302629344,0.0354,0.67418,0.06567,1,31,-1
304.99737999999996,5178302664748,0.03025,0.6755399999999999,0.08217999999999999,1,31,-1
305.0148,5178302702101,0.03561,0.6714899999999999,0.09961,1,31,-1
305.03021,5178302735106,0.040369999999999996,0.67077,0.11502000000000001,1,31,-1
305.04677999999996,5178302770634,0.04406,0.6702199999999999,0.13159,1,31,-1
305.06311,5178302805628,0.0466,0.6660699999999999,0.14792,1,31,-1
305.07974,5178302841307,0.04778,0.6721199999999999,0.16455,1,31,-1
305.09578999999997,5178302875738,0.048760000000000005,0.67716,0.1806,1,31,-1
305.1124,5178302911275,0.049510000000000005,0.68067,0.1972,1,31,-1
305.129,5178302946874,0.049760000000000006,0.6822,0.21381,1,31,-1
305.1452,5178302981609,0.049980000000000004,0.68352,0.23001,1,31,-1
305.1618,5178303017188,0.04949,0.68615,0.24661,1,31,-1
305.17877000000004,5178303053598,0.050730000000000004,0.68824,0.26358000000000004,1,31,-1
305.19464,5178303087596,0.051829999999999994,0.6901,0.27945,1,31,-1
305.21106000000003,5178303122769,0.05346,0.68965,0.29586999999999997,1,31,-1
305.22751,5178303158039,0.0554,0.68692,0.31232,1,31,-1
305.24377000000004,5178303192925,0.05715,0.6844600000000001,0.32858000000000004,1,31,-1
305.26038,5178303228459,0.05805,0.68328,0.34518000000000004,1,31,-1
305.27679,5178303263705,0.05851,0.68205,0.3616,1,31,-1
305.2933,5178303299079,0.05894,0.68091,0.37811,1,31,-1
305.30966,5178303334133,0.05922,0.6802,0.39447,1,31,-1
305.32623,5178303369619,0.05981,0.67891,0.41103999999999996,1,31,-1
305.34241000000003,5178303404307,0.06037000000000001,0.67772,0.42722,1,31,-1
305.35886,5178303439569,0.060860000000000004,0.6761699999999999,0.44366000000000005,1,31,-1
305.37549,5178303475254,0.062079999999999996,0.67529,0.4603,1,31,-1
305.39178,5178303510183,0.08027999999999999,0.6510100000000001,0.4603,0,31,-1
305.40828999999997,5178303545532,0.08027999999999999,0.67247,0.4603,0,31,-1
305.42471,5178303580739,0.061829999999999996,0.70855,0.4603,0,31,-1
305.44088999999997,5178303615392,0.04338,0.75178,0.4603,0,31,-1
305.45859,5178303653378,0.059789999999999996,0.72801,0.4603,0,31,-1
305.47406,5178303686541,0.06913,0.7204,0.4603,0,31,-1
305.49045,5178303721667,0.07381,0.71659,0.04956,1,31,-1
305.50681000000003,5178303756699,0.07021000000000001,0.7057399999999999,0.06592,1,31,-1
305.52344,5178303792372,0.06849,0.70173,0.08255,1,31,-1
305.53958,5178303826990,0.06726,0.69887,0.09869,1,31,-1
305.556,5178303862160,0.06932,0.69457,0.11510999999999999,1,31,-1
305.57239,5178303897300,0.06742999999999999,0.69313,0.1315,1,31,-1
305.58911,5178303933094,0.06512000000000001,0.69063,0.14822000000000002,1,31,-1
305.60513,5178303967481,0.06253,0.68772,0.16425,1,31,-1
305.62183,5178304003225,0.0589,0.68202,0.18094000000000002,1,31,-1
305.63802999999996,5178304037996,0.0552,0.67615,0.19714,1,31,-1
305.65466000000004,5178304073615,0.054779999999999995,0.6735300000000001,0.21378000000000003,1,31,-1
305.67099,5178304108656,0.05441,0.67369,0.2301,1,31,-1
305.68762000000004,5178304144292,0.05455,0.67462,0.24673,1,31,-1
305.70383,5178304179046,0.05401,0.6768,0.26294,1,31,-1
305.72012,5178304213965,0.052039999999999996,0.68096,0.27924,1,31,-1
305.73657000000003,5178304249191,0.049760000000000006,0.68395,0.29568,1,31,-1
305.7529,5178304284211,0.04895,0.67752,0.31201,1,31,-1
305.76977999999997,5178304320396,0.0471,0.66976,0.32889,1,31,-1
305.78625,5178304355729,0.02899,0.63944,0.32889,0,31,-1
305.80237,5178304390225,0.18767,0.58138,0.32889,0,31,-1
305.82101,5178304430187,0.28259,0.58727,0.32889,0,31,-1
305.83762,5178304465795,0.43063,0.5857,0.32889,0,31,-1
305.85306,5178304498915,0.57572,0.7834899999999999,0.32889,0,31,-1
305.86838,5178304531749,0.6685399999999999,0.8590700000000001,0.32889,0,31,-1
305.88482999999997,5178304566993,0.8114100000000001,0.9983200000000001,0.32889,0,31,-1
305.90115,5178304602013,0.81017,1.22728,0.32889,0,31,-1
305.91766,5178304637339,0.8375799999999999,1.32295,0.32889,0,31,-1
305.93399,5178304672336,0.8668,1.49526,0.32889,0,31,-1
305.95044,5178304707631,0.8841399999999999,1.0953,0.32889,0,31,-1
305.96682999999996,5178304742765,0.88582,1.02074,0.32889,0,31,-1
305.98373,5178304779002,0.8932700000000001,0.81286,0.32889,0,31,-1
306.00079,5178304815561,0.87249,0.81676,0.32889,0,31,-1
306.01651,5178304849270,0.87164,0.8155399999999999,0.32889,0,31,-1
306.03281,5178304884190,0.87121,0.81494,0.049069999999999996,1,31,-1
306.04935,5178304919611,0.8717600000000001,0.84814,0.06561,1,31,-1
306.06631,5178304956021,0.8748600000000001,0.8634700000000001,0.08258,1,31,-1
306.08243,5178304990517,0.8766700000000001,0.8751399999999999,0.09869,1,31,-1
306.099,5178305026042,0.8724,0.86997,0.11525999999999999,1,31,-1
306.11752,5178305065775,0.8718100000000001,0.8741,0.13379000000000002,1,31,-1
306.1315,5178305095726,0.87055,0.8789799999999999,0.14777,1,31,-1
306.14807,5178305131226,0.8683799999999999,0.8769299999999999,0.16434,1,31,-1
306.16443,5178305166311,0.8635700000000001,0.8840600000000001,0.18069000000000002,1,31,-1
306.18121,5178305202300,0.85954,0.89002,0.19748,1,31,-1
306.19763,5178305237494,0.8590399999999999,0.8971299999999999,0.2139,1,31,-1
306.21407999999997,5178305272722,0.85854,0.89891,0.23035,1,31,-1
306.22989,5178305306609,0.8585,0.9787399999999999,0.23035,0,31,-1
306.24686,5178305342980,0.87221,0.8860899999999999,0.23035,0,31,-1
306.2626,5178305376757,0.87511,0.8875700000000001,0.23035,0,31,-1
306.27898999999996,5178305411889,0.8825700000000001,0.8581700000000001,0.23035,0,31,-1
306.29526,5178305446762,0.8807200000000001,0.87554,0.23035,0,31,-1
306.31357,5178305485980,0.88075,0.8695200000000001,0.23035,0,31,-1
306.32825,5178305517475,0.88077,0.86651,0.049260000000000005,1,31,-1
306.3447,5178305552691,0.8754200000000001,0.8680200000000001,0.0657,1,31,-1
306.36111,5178305587885,0.8743,0.86715,0.08212,1,31,-1
306.37766,5178305623379,0.8735,0.86654,0.09866,1,31,-1
306.3938,5178305657989,0.87251,0.87005,0.11481,1,31,-1
306.41055,5178305693843,0.87116,0.87129,0.13155999999999998,1,31,-1
306.42694,5178305729007,0.87008,0.8722700000000001,0.14795,1,31,-1
306.44315,5178305763757,0.86546,0.8617799999999999,0.16415,1,31,-1
306.45972,5178305799231,0.8578100000000001,0.8486,0.18073,1,31,-1
306.4762,5178305834548,0.8513299999999999,0.83746,0.1972,1,31,-1
306.49242999999996,5178305869362,0.82405,0.7915399999999999,0.21344000000000002,1,31,-1
306.50888,5178305904605,0.7717,0.7076,0.21344000000000002,0,31,-1
306.52621,5178305941758,0.53177,0.15581,0.21344000000000002,0,31,-1
306.54233,5178305976337,0.26584,-0.25952,0.21344000000000002,0,31,-1
306.5589,5178306011816,-0.31296,-1.1427399999999999,0.21344000000000002,0,31,-1
306.57516,5178306046729,-0.7579199999999999,-1.7256599999999997,0.21344000000000002,0,31,-1
306.59155,5178306081860,-0.76164,-1.73088,0.21344000000000002,0,31,-1
306.60782,5178306116732,-0.7861899999999999,-1.68838,0.21344000000000002,0,31,-1
306.62433,5178306152076,-0.41268,-0.9807,0.21344000000000002,0,31,-1
306.6405,5178306186747,-0.24856999999999999,-0.6445,0.21344000000000002,0,31,-1
306.65744,5178306223056,0.05371,-0.06865,0.21344000000000002,0,31,-1
306.67395,5178306258431,0.08718,-0.014740000000000001,0.21344000000000002,0,31,-1
306.68936,5178306291498,0.09686,0.02352,0.21344000000000002,0,31,-1
306.70612,5178306327377,0.10975,0.051039999999999995,0.21344000000000002,0,31,-1
306.72266,5178306362885,0.10319,0.03864,0.21344000000000002,0,31,-1
306.73865,5178306397143,0.08662,0.06625,0.21344000000000002,0,31,-1
306.75527999999997,5178306432795,0.0815,0.0774,0.04916,1,31,-1
306.77197,5178306468562,0.07842,0.08409,0.06586,1,31,-1
306.78882000000004,5178306504650,0.0773,0.08539,0.0827,1,31,-1
306.80447000000004,5178306538251,0.07472000000000001,0.08359,0.09836,1,31,-1
306.82117,5178306573986,0.0722,0.08076,0.11505,1,31,-1
